1 2
1 3
1 38
2 1
2 3
2 7
2 6
3 1
3 2
3 7
3 4
4 3
4 7
4 5
4 9
5 4
5 9
5 10
6 2
6 7
6 8
6 14
7 2
7 3
7 4
7 6
7 8
7 9
8 6
8 7
8 9
9 4
9 5
9 7
9 8
10 5
10 11
10 12
11 10
11 12
11 13
12 10
12 11
12 13
12 21
13 11
13 12
14 6
14 17
14 15
15 16
15 18
15 14
15 17
16 15
16 28
16 30
16 31
16 18
16 20
17 14
17 18
17 19
17 15
18 15
18 16
18 17
18 19
18 20
19 17
19 18
19 20
19 21
20 16
20 18
20 19
20 21
20 22
20 31
21 12
21 19
21 20
21 22
21 23
21 24
22 20
22 21
22 24
22 31
23 21
23 24
23 25
24 21
24 22
24 23
24 25
24 26
25 23
25 24
25 26
26 24
26 25
27 28
27 29
27 34
27 35
27 36
28 16
28 27
28 29
28 30
29 27
29 28
29 30
29 32
29 33
29 36
30 16
30 28
30 29
30 31
30 32
31 16
31 22
31 30
31 32
31 20
32 29
32 30
32 31
32 33
33 29
33 32
33 39
34 27
34 35
34 38
35 27
35 34
35 36
35 38
36 29
36 35
36 37
36 38
36 27
37 36
37 38
38 1
38 34
38 35
38 36
38 37
39 33
39 41
39 40
40 39
40 41
40 42
41 39
41 40
41 42
42 40
42 41
